[Softmax classifier]----------------------------------------------------------------------- matrices: W

np64 iteration 19999: loss 0.767879
-9.59487697627e-11
array([[ 1.0712809 ,  1.17876982, -2.25005072],
       [-2.52171495,  2.87548591, -0.35377096]])

thcpu64 iteration 19999: loss 0.767879
-9.60481416623e-11
array([[ 1.0712809 ,  1.17876982, -2.25005072],
       [-2.52171495,  2.87548591, -0.35377096]])

np32 iteration 19999: loss 0.767879
-0.00105027
[[ 1.0712074   1.17869723 -2.2501266 ]
 [-2.52162814  2.8755734  -0.35368657]]

thcpu32 iteration 19999: loss 0.767879
-0.000147969
array([[ 1.07115507,  1.17864871, -2.25017929],
       [-2.52163696,  2.875561  , -0.35369819]], dtype=float32)

thgpu32 iteration 19999: loss 0.767879
-0.000530284
array([[ 1.07119632,  1.17868519, -2.25013423],
       [-2.5216341 ,  2.8755672 , -0.35369277]], dtype=float32)

tf32 iteration 19999: loss 0.767878
-0.00114104
array([[ 1.07120419,  1.17869377, -2.25012994],
       [-2.52163076,  2.87557077, -0.3536897 ]], dtype=float32)


[Neural network]-----------------------------------------------------------------------

np32 iteration 19999: loss 0.754102
53.5652
[[-0.27597055 -0.96034461 -1.74813616  0.20687722  0.20687722  0.20687722
   0.20687722  0.20687722  0.20687722  0.20687722  0.20687722  0.20687722
   0.20687722  0.20687722  0.20687722  0.20687722  0.20687722  0.20687722
   0.20687722  0.20687722  0.20687722  0.20687722  0.20687722  0.20687722
   0.20687722  0.20687722  0.20687722  0.20687722  0.20687722  0.20687722
   0.20687722  0.20687722  0.20687722  0.20687722  0.20687722  0.20687722
   0.20687722  0.20687722  0.20687722  0.20687722  0.20687722  0.20687722
   0.20687722  0.20687722  0.20687722  0.20687722  0.20687722  0.20687722
   0.20687722  0.20687722  0.20687722  0.20687722  0.20687722  0.20687722
   0.20687722  0.20687722  0.20687722  0.20687722  0.20687722  0.20687722
   0.20687722  0.20687722  0.20687722  0.20687722  0.20687722  0.20687722
   0.20687722  0.20687722  0.20687722  0.20687722  0.20687722  0.20687722
   0.20687722  0.20687722  0.20687722  0.20687722  0.20687722  0.20687722
   0.20687722  0.20687722  0.20687722  0.20687722  0.20687722  0.20687722
   0.20687722  0.20687722  0.20687722  0.20687722  0.20687722  0.20687722
   0.20687722  0.20687722  0.20687722  0.20687722  0.20687722  0.20687722
   0.20687722  0.20687722  0.20687722  0.20687722]
 [-2.77806163  1.41149271 -1.04740703  0.2751441   0.2751441   0.2751441
   0.2751441   0.2751441   0.2751441   0.2751441   0.2751441   0.2751441
   0.2751441   0.2751441   0.2751441   0.2751441   0.2751441   0.2751441
   0.2751441   0.2751441   0.2751441   0.2751441   0.2751441   0.2751441
   0.2751441   0.2751441   0.2751441   0.2751441   0.2751441   0.2751441
   0.2751441   0.2751441   0.2751441   0.2751441   0.2751441   0.2751441
   0.2751441   0.2751441   0.2751441   0.2751441   0.2751441   0.2751441
   0.2751441   0.2751441   0.2751441   0.2751441   0.2751441   0.2751441
   0.2751441   0.2751441   0.2751441   0.2751441   0.2751441   0.2751441
   0.2751441   0.2751441   0.2751441   0.2751441   0.2751441   0.2751441
   0.2751441   0.2751441   0.2751441   0.2751441   0.2751441   0.2751441
   0.2751441   0.2751441   0.2751441   0.2751441   0.2751441   0.2751441
   0.2751441   0.2751441   0.2751441   0.2751441   0.2751441   0.2751441
   0.2751441   0.2751441   0.2751441   0.2751441   0.2751441   0.2751441
   0.2751441   0.2751441   0.2751441   0.2751441   0.2751441   0.2751441
   0.2751441   0.2751441   0.2751441   0.2751441   0.2751441   0.2751441
   0.2751441   0.2751441   0.2751441   0.2751441 ]]


tf32 iteration 19999: loss 0.760351
54.5521

array([[-0.27654624, -0.9653421 , -1.72775412,  0.20992015,  0.20992015,
         0.20992015,  0.20992015,  0.20992015,  0.20992015,  0.20992015,
         0.20992015,  0.20992015,  0.20992015,  0.20992015,  0.20992015,
         0.20992015,  0.20992015,  0.20992015,  0.20992015,  0.20992015,
         0.20992015,  0.20992015,  0.20992015,  0.20992015,  0.20992015,
         0.20992015,  0.20992015,  0.20992015,  0.20992015,  0.20992015,
         0.20992015,  0.20992015,  0.20992015,  0.20992015,  0.20992015,
         0.20992015,  0.20992015,  0.20992015,  0.20992015,  0.20992015,
         0.20992015,  0.20992015,  0.20992015,  0.20992015,  0.20992015,
         0.20992015,  0.20992015,  0.20992015,  0.20992015,  0.20992015,
         0.20992015,  0.20992015,  0.20992015,  0.20992015,  0.20992015,
         0.20992015,  0.20992015,  0.20992015,  0.20992015,  0.20992015,
         0.20992015,  0.20992015,  0.20992015,  0.20992015,  0.20992015,
         0.20992015,  0.20992015,  0.20992015,  0.20992015,  0.20992015,
         0.20992015,  0.20992015,  0.20992015,  0.20992015,  0.20992015,
         0.20992015,  0.20992015,  0.20992015,  0.20992015,  0.20992015,
         0.20992015,  0.20992015,  0.20992015,  0.20992015,  0.20992015,
         0.20992015,  0.20992015,  0.20992015,  0.20992015,  0.20992015,
         0.20992015,  0.20992015,  0.20992015,  0.20992015,  0.20992015,
         0.20992015,  0.20992015,  0.20992015,  0.20992015,  0.20992015],
       [-2.75740075,  1.42869377, -1.04733717,  0.27593654,  0.27593654,
         0.27593654,  0.27593654,  0.27593654,  0.27593654,  0.27593654,
         0.27593654,  0.27593654,  0.27593654,  0.27593654,  0.27593654,
         0.27593654,  0.27593654,  0.27593654,  0.27593654,  0.27593654,
         0.27593654,  0.27593654,  0.27593654,  0.27593654,  0.27593654,
         0.27593654,  0.27593654,  0.27593654,  0.27593654,  0.27593654,
         0.27593654,  0.27593654,  0.27593654,  0.27593654,  0.27593654,
         0.27593654,  0.27593654,  0.27593654,  0.27593654,  0.27593654,
         0.27593654,  0.27593654,  0.27593654,  0.27593654,  0.27593654,
         0.27593654,  0.27593654,  0.27593654,  0.27593654,  0.27593654,
         0.27593654,  0.27593654,  0.27593654,  0.27593654,  0.27593654,
         0.27593654,  0.27593654,  0.27593654,  0.27593654,  0.27593654,
         0.27593654,  0.27593654,  0.27593654,  0.27593654,  0.27593654,
         0.27593654,  0.27593654,  0.27593654,  0.27593654,  0.27593654,
         0.27593654,  0.27593654,  0.27593654,  0.27593654,  0.27593654,
         0.27593654,  0.27593654,  0.27593654,  0.27593654,  0.27593654,
         0.27593654,  0.27593654,  0.27593654,  0.27593654,  0.27593654,
         0.27593654,  0.27593654,  0.27593654,  0.27593654,  0.27593654,
         0.27593654,  0.27593654,  0.27593654,  0.27593654,  0.27593654,
         0.27593654,  0.27593654,  0.27593654,  0.27593654,  0.27593654]], dtype=float32)
